1758372398318,position,48.7113812,2.1974571
1758372403308,position,48.7113571,2.1975881
1758372403716,see
1758372409225,position,48.7113263,2.197727
1758372411200,see
1758372412656,see
1758372413796,see
1758372415470,see
1758372416165,see
1758372417209,see
1758372417245,position,48.7113212,2.197867
1758372418127,see
1758372418870,see
1758372419469,see
1758372419949,see
1758372420400,see
1758372421129,see
1758372427039,position,48.7112886,2.1980084
1758372431861,position,48.7113524,2.1978434
1758372436470,position,48.7114621,2.1978814
1758372441910,position,48.7115478,2.1978257
1758372447060,position,48.7116219,2.1977427
1758372451949,position,48.7117177,2.1977588
1758372457222,position,48.7118302,2.1977423
1758372463950,position,48.7119351,2.1977243
1758372469169,position,48.7120196,2.19754
1758372473942,position,48.7120895,2.1974263
1758372479102,position,48.7122296,2.1973424
1758372481550,seen
1758372481752,seen
1758372482930,seen
1758372483990,position,48.712386,2.1973244
1758372485511,seen
1758372486341,seen
1758372488590,position,48.7125179,2.1973164
1758372493202,position,48.7125962,2.1971859
1758372498109,position,48.7126171,2.1970292
1758372503250,position,48.7126138,2.196891
1758372510302,position,48.7126164,2.1967503
1758372515062,position,48.7126371,2.1965299
1758372519602,position,48.7127103,2.1964224
1758372524282,position,48.7127941,2.1965087
1758372529949,position,48.7128046,2.1963681
1758372535062,position,48.7128517,2.1961971
1758372539669,position,48.7129162,2.1960521
1758372544270,position,48.7129527,2.1958515
1758372548920,position,48.7130465,2.1957377
1758372554305,position,48.7130995,2.1955954
1758372563262,position,48.7131347,2.1954703
1758372568779,position,48.7132261,2.1954747
1758372574222,position,48.7133159,2.1955247
1758372579111,seen
1758372579202,position,48.7134099,2.1955534
1758372584080,position,48.7135151,2.1955829
1758372588872,position,48.7136164,2.1956385
1758372590719,seen
1758372593742,position,48.7137638,2.1957056
1758372598257,position,48.7138969,2.1957923
1758372603292,position,48.714034,2.1958337
1758372609022,position,48.7141257,2.1958278
1758372614112,position,48.7142078,2.1957665
1758372619193,position,48.7143106,2.1957354
1758372624029,position,48.7144156,2.195778
1758372628789,position,48.714525,2.1957971
1758372634270,position,48.7146885,2.1957883
1758372638922,position,48.7148099,2.1959104
1758372644289,position,48.7149201,2.1959488
1758372651240,position,48.7150093,2.195968
1758372664273,position,48.7150444,2.1961002
1758372669156,position,48.7150523,2.1962801
1758372674073,position,48.7150176,2.196452
1758372679016,position,48.7149979,2.1966391
1758372683715,position,48.7149388,2.1972159
1758372688305,position,48.714936,2.197387
1758372693034,position,48.7148924,2.1975545
1758372697826,position,48.7149776,2.1977508
1758372703296,position,48.7149875,2.1981242
1758372708337,position,48.7150045,2.1985818
1758372713266,position,48.7149932,2.1990694
1758372718243,position,48.7149612,2.1995384
1758372723303,position,48.7148467,2.1999351
1758372728243,position,48.7147777,2.2001993
1758372733033,position,48.7147061,2.2004622
1758372737803,position,48.7146264,2.2007188
1758372742703,position,48.7144986,2.2009189
1758372748322,position,48.7144229,2.2010048
1758372753300,position,48.7143959,2.2012456
1758372757820,position,48.7143863,2.2015196
1758372762912,position,48.7143772,2.2018457
1758372768341,position,48.7143406,2.2019907
1758372796703,position,48.714266,2.2019124
1758372811583,position,48.7141729,2.2019409
1758372816263,position,48.7140313,2.2019283
1758372821210,position,48.713867,2.2018547
1758372826033,position,48.713734,2.2017352
1758372830870,position,48.7135903,2.2016448
1758372835473,position,48.7134995,2.2015566
1758372850880,position,48.7134674,2.2016878
1758372856253,position,48.7133774,2.201708
1758372869000,position,48.7132841,2.2016778
1758372869133,see
1758372871920,see
1758372873349,see
1758372874279,position,48.7130784,2.2015899
1758372875117,see
1758372876193,see
1758372877599,see
1758372878207,see
1758372878799,see
1758372879299,position,48.7127944,2.2015363
1758372879349,see
1758372879719,see
1758372880119,see
1758372880359,see
1758372880587,see
1758372880809,see
1758372881049,see
1758372881289,see
1758372881537,see
1758372881769,see
1758372882019,see
1758372882319,see
1758372882589,see
1758372882829,see
1758372883049,see
1758372883287,see
1758372883499,see
1758372883689,see
1758372883939,position,48.7125928,2.2015662
1758372883959,see
1758372884189,see
1758372884399,see
1758372884639,see
1758372884879,see
1758372895390,position,48.7126752,2.2016253
1758372900063,position,48.7127842,2.2016141
1758372904793,position,48.712913,2.2017491
1758372909403,position,48.7129189,2.2019329
1758372914063,position,48.7131807,2.2020067
1758372920263,position,48.7131785,2.2021486
1758372927117,position,48.7131349,2.2022825
1758372931582,position,48.7131075,2.2024599
1758372936183,position,48.7130971,2.2026706
1758372938308,seen
1758372941062,position,48.7130345,2.2028993
1758372945585,position,48.7130152,2.2030819
1758372952322,position,48.7129907,2.203233
1758372967275,position,48.7130701,2.2031485
1758372971865,position,48.7131197,2.2032821
1758372979255,position,48.713111,2.2034319
1758372987325,position,48.7130962,2.2035806
1758372994152,position,48.7130878,2.2037326
1758372998883,position,48.7130487,2.2039552
1758373003675,position,48.7130504,2.2042322
1758373008275,position,48.7130432,2.2044427
1758373013235,position,48.7130272,2.2045777
1758373020273,position,48.7130171,2.2047208
1758373025162,position,48.7129832,2.2048791
1758373032275,position,48.7129092,2.2049621
1758373040336,position,48.7129198,2.2051119
1758373045888,position,48.7129102,2.2052526
1758373048186,seen
1758373049474,seen
1758373050674,seen
1758373051276,position,48.7128882,2.2054016
1758373056288,position,48.7128606,2.2055406
1758373060938,position,48.7128527,2.205677
1758373066294,position,48.712855,2.2058225
1758373071284,position,48.7128316,2.205955
1758373077264,position,48.7128295,2.206101
1758373082904,position,48.7129002,2.2062083
1758373089314,position,48.7129965,2.206253
1758373096254,position,48.7130924,2.2062138
1758373104327,position,48.7131769,2.2061569
1758373104377,seen
1758373105367,seen
1758373110994,position,48.7132762,2.2061779
1758373115867,position,48.7133662,2.206184
1758373122179,position,48.7134613,2.2062163
1758373126629,position,48.7135406,2.2063018
1758373132283,position,48.7136298,2.2063426
1758373138187,position,48.7136935,2.2064432
1758373147317,position,48.7137885,2.2064561
1758373147544,seen
1758373148354,seen
1758373162309,position,48.713886,2.2064163
1758373215269,see
1758373216099,see
1758373216409,see
1758373216659,see
1758373216749,position,48.7139755,2.2064433
1758373216827,see
1758373217009,see
1758373217509,see
1758373218339,see
1758373218569,see
1758373218779,see
1758373219019,see
1758373219249,see
1758373219490,see
1758373219689,see
1758373220109,see
1758373220289,see
1758373220499,see
1758373220749,see
1758373220979,see
1758373221179,see
1758373221289,position,48.7140661,2.2066134
1758373221389,see
1758373221629,see
1758373221839,see
1758373222069,see
1758373222269,see
1758373222477,see
1758373222697,see
1758373222889,see
1758373223117,see
1758373223319,see
1758373223589,see
1758373223809,see
1758373224009,see
1758373224229,see
1758373224449,see
1758373224719,see
1758373224889,see
1758373225109,see
1758373225329,see
1758373225569,see
1758373225839,see
1758373225859,position,48.7142128,2.2067808
1758373226029,see
1758373226249,see
1758373226508,see
1758373226789,see
1758373227089,see
1758373227269,see
1758373227499,see
1758373227749,see
1758373227918,see
1758373228149,see
1758373228379,see
1758373228559,see
1758373228769,see
1758373229007,see
1758373229209,see
1758373229439,see
1758373229627,see
1758373229849,see
1758373230089,see
1758373230289,see
1758373230449,see
1758373230699,see
1758373230869,position,48.7143393,2.2069836
1758373230919,see
1758373231059,see
1758373231299,see
1758373231509,see
1758373231699,see
1758373240096,position,48.7142751,2.2068795
1758373244191,seen
1758373244589,position,48.7141654,2.2066843
1758373249269,position,48.7141838,2.2064044
1758373253909,position,48.7141359,2.206144
1758373258549,position,48.7140747,2.2058796
1758373263269,position,48.7140553,2.2056683
1758373269749,position,48.714012,2.2058068
1758373274309,position,48.71399,2.2059457
1758373279289,position,48.714005,2.2061662
1758373284236,position,48.7140458,2.2063924
1758373288717,position,48.7140989,2.2066614
1758373293286,position,48.7141534,2.2069217
1758373297946,position,48.7142821,2.2070857
1758373302709,position,48.7143327,2.207318
1758373309299,position,48.7143245,2.2074693
1758373321079,position,48.7143087,2.2077816
1758373323589,position,48.714341,2.2083096
1758373328199,position,48.7143536,2.2085453
1758373332879,position,48.7143565,2.2088085
1758373337421,position,48.7143827,2.20907
1758373342279,position,48.7144644,2.2093521
1758373347058,position,48.7145644,2.2095259
1758373347437,see
1758373347876,see
1758373349366,see
1758373349586,see
1758373349769,see
1758373350006,see
1758373350179,see
1758373350389,see
1758373350587,see
1758373350809,see
1758373351009,see
1758373351246,see
1758373351479,see
1758373351689,see
1758373351717,position,48.7145956,2.2097633
1758373351906,see
1758373352187,see
1758373352419,see
1758373352616,see
1758373352836,see
1758373353049,see
1758373353259,see
1758373353488,see
1758373353729,see
1758373353946,see
1758373354179,see
1758373354379,see
1758373354589,see
1758373354829,see
1758373355049,see
1758373355257,see
1758373355499,see
1758373355716,see
1758373355899,see
1758373356099,see
1758373356269,position,48.7146108,2.2100531
1758373356359,see
1758373356499,see
1758373356759,see
1758373356937,see
1758373357169,see
1758373357409,see
1758373357609,see
1758373357839,see
1758373358087,see
1758373358249,see
1758373358479,see
1758373358669,see
1758373358879,see
1758373361127,position,48.7146203,2.2103238
1758373366246,position,48.7147696,2.2101168
1758373371316,position,48.7148793,2.2097726
1758373376263,position,48.7149773,2.2094527
1758373381303,position,48.7151079,2.2092889
1758373386174,position,48.7152618,2.2092118
1758373390743,position,48.7154457,2.209194
1758373395231,position,48.7155333,2.209065
1758373400430,position,48.7155798,2.20893
1758373407280,position,48.7155824,2.2087874
1758373424531,position,48.7155657,2.2089255
1758373429253,position,48.7155193,2.2090916
1758373437303,position,48.7155641,2.2092098
1758373442278,position,48.7157154,2.2091548
1758373446880,position,48.7158616,2.2090904
1758373451390,position,48.7159905,2.2089943
1758373456250,position,48.7161672,2.2088783
1758373461285,position,48.7162522,2.2088228
1758373467173,position,48.7162886,2.2086894
1758373471871,position,48.7163263,2.2085005
1758373476661,position,48.7163704,2.2082655
1758373481238,position,48.7163815,2.2080687
1758373505813,position,48.7163332,2.2079465
1758373510553,position,48.7163239,2.2077275
1758373515283,position,48.7163665,2.2074464
1758373519903,position,48.7163779,2.2072157
1758373524660,position,48.7163726,2.2070145
1758373544003,position,48.7164245,2.2068892
1758373548630,position,48.7164292,2.2066611
1758373654002,seen
1758373872519,seen
1758373908078,position,48.7168507,2.2045096
1758373912791,position,48.7191979,2.2094071
1758373913576,position,48.7169357,2.2045203
1758373914527,capture,758930
1758373953344,position,48.7168538,2.2045939
1758373958879,see
1758373959246,position,48.7168256,2.2047351
1758373960749,seen
1758373965287,position,48.7168215,2.2048804
1758373972277,position,48.7168313,2.2050432
1758373979084,position,48.7168184,2.2051839
1758373983717,position,48.7168315,2.2053735
1758373988306,position,48.7168341,2.2056072
1758373993273,position,48.7168305,2.2058742
1758373998226,position,48.7168399,2.2061475
1758374002706,position,48.7169006,2.2063637
1758374007306,position,48.7169325,2.2065083
1758374026305,position,48.7169873,2.2066196
1758374030915,position,48.7170696,2.2067404
1758374036256,position,48.7171771,2.2069087
1758374041267,position,48.7169867,2.2072332
1758374052833,position,48.7170251,2.207099
1758374057346,position,48.7170264,2.2069406
1758374061917,position,48.7169718,2.2067666
1758374066833,position,48.7169077,2.2065977
1758374075346,position,48.7169151,2.2064272
1758374340647,seen
1758374522269,seen
1758374558881,see
1758374605119,position,48.715637,2.2058577
1758374609799,position,48.7191979,2.2094071
1758374610422,position,48.7156,2.2060769
1758374615512,position,48.7156797,2.2059745
1758374622389,position,48.7157757,2.2059162
1758374629390,position,48.7158707,2.205945
1758374635992,position,48.7159612,2.2059469
1758374643422,position,48.7160136,2.205834
1758374650311,position,48.7160569,2.2057019
1758374654945,seen
1758374656252,position,48.7160566,2.2055367
1758374662370,position,48.7160422,2.2053852
1758374669262,position,48.7160244,2.2052301
1758374673949,position,48.7160302,2.2050681
1758374678759,position,48.7160372,2.2048903
1758374683340,position,48.716057,2.2047055
1758374687900,position,48.7160947,2.2045265
1758374692669,position,48.7161336,2.2043562
1758374697242,position,48.7162215,2.2042408
1758374702292,position,48.7163265,2.2041224
1758374710277,position,48.7164206,2.204077
1758374717829,position,48.7165138,2.2040712
1758374723869,position,48.7166121,2.2040581
1758374729623,position,48.7167035,2.204078
1758374738653,position,48.7167925,2.2041051
1758374754302,position,48.7168912,2.2041372
1758374763389,position,48.7169846,2.2041649
1758374771290,position,48.7170668,2.2040779
1758374780102,position,48.71715,2.2040155
1758374785252,position,48.7172261,2.2040921
1758375008516,seen
1758375011327,seen
1758375011729,seen
1758375069901,position,48.7177982,2.2072243
1758375071377,position,48.717418,2.2085141
1758375075082,see
1758375076303,position,48.7184361,2.2075673
1758375081270,position,48.7182893,2.207525
1758375090183,position,48.7182761,2.2073887
1758375095175,position,48.7179665,2.2071543
1758375281973,seen
1758375635038,position,48.7134372,2.2049955
1758375637128,see
1758375637317,position,48.7120101,2.2078022
1758375641417,position,48.7135132,2.2051158
1758375647205,position,48.7134388,2.2049975
1758375655286,position,48.7135775,2.2049653
1758375659815,position,48.7137651,2.2049709
1758375665006,position,48.7139018,2.2049901
1758375669925,position,48.7139806,2.2051169
1758375674702,position,48.7140172,2.2053052
1758375679254,position,48.7140047,2.2055622
1758375684245,position,48.7139907,2.2058768
1758375689165,position,48.7139673,2.2061447
1758375694005,position,48.7138395,2.2063594
1758375698805,position,48.7136726,2.2064624
1758375703526,position,48.7135509,2.2064434
1758375708266,position,48.713422,2.2063669
1758375852515,seen
1758375959309,position,48.7114031,2.2085679
1758375964281,position,48.7114011,2.2088105
1758375968619,position,48.711575,2.2090607
1758375986285,position,48.7114869,2.208992
1758375992185,position,48.7114646,2.2088527
1758375997256,position,48.7114214,2.2087059
1758376002265,position,48.711393,2.2085287
1758376007295,position,48.7113602,2.2083729
1758376012363,position,48.7113594,2.2082354
1758376019349,position,48.7113851,2.2080916
1758376031278,position,48.7114118,2.2079578
1758376044298,position,48.7113884,2.2078158
1758376055256,position,48.711366,2.2076778
1758376062058,position,48.7113011,2.2075664
1758376075329,position,48.7114401,2.2073415
1758376080298,position,48.7115063,2.207155
1758376091119,seen
1758376093306,position,48.7114956,2.2070141
1758376095662,seen
1758376126338,position,48.7114527,2.206881
1758376147333,position,48.7113658,2.2068363
1758376159450,position,48.7112523,2.2068084
1758376166325,position,48.7111767,2.2066782
1758376171288,position,48.7111727,2.2065184
1758376176998,position,48.7111554,2.2063767
1758376183318,position,48.7111075,2.2062541
1758376188028,position,48.7110312,2.2061346
1758376220735,see
1758376231302,seen
1758376239714,position,48.7106834,2.2060401
1758376244249,position,48.7110021,2.2058928
1758376248804,position,48.7111253,2.2059084
1758376253784,position,48.7111252,2.2057185
1758376258489,position,48.7111859,2.2054724
1758376263251,position,48.7112224,2.2051263
1758376267884,position,48.7112353,2.204853
1758376820740,see
1758376831302,seen
1758376882359,see
1758376885867,position,48.7117284,2.1982033
1758376890540,position,48.7113628,2.1992404
1758376896249,position,48.7112882,2.1993542
1758376901180,position,48.7112379,2.1995824
1758376985575,position,48.7112975,2.2013207
1758376988436,seen
1758376990264,position,48.7116094,2.2014354
1758376994984,position,48.7113828,2.2013981
1758376995025,seen
1758377010004,position,48.7114723,2.2014117
1758377017084,position,48.7115117,2.2015449
1758377025094,position,48.7116007,2.2015712
1758377034254,position,48.7116876,2.2015137
1758377041378,position,48.7117734,2.2014671
1758377046323,position,48.7118622,2.2014936
1758377051300,position,48.7119542,2.201503
1758377056144,position,48.7120517,2.2015069
1758377066944,position,48.712079,2.2016469
1758377072320,position,48.7121962,2.2017767
1758377081435,position,48.7122738,2.2018568
1758377085914,position,48.7123878,2.2019269
1758377097223,position,48.7124795,2.2019673
1758377102150,position,48.7123102,2.2017115
1758377107219,position,48.712345,2.2014676
1758377111858,position,48.7123401,2.2012581
1758377116779,position,48.7123042,2.2010683
1758377121269,position,48.7123454,2.2007051
1758377126061,position,48.7123477,2.2003934
1758377130938,position,48.7123515,2.200138
1758377136821,position,48.7123559,2.2000016
1758377152300,position,48.7124346,2.1999136
1758377158788,position,48.7124611,2.1997818
1758377162382,seen
1758377165942,position,48.7124347,2.1996467
1758377171310,position,48.7124037,2.1995122
1758377176930,position,48.7123836,2.1993758
1758377180522,seen
1758377183300,position,48.7123604,2.1992334
1758377232484,position,48.7126702,2.1987519
1758377235142,position,48.7127158,2.1987393
1758377239799,position,48.7129477,2.1987093
1758377245199,position,48.7130586,2.1989088
1758377250246,position,48.7131846,2.199093
1758377254759,position,48.7132514,2.1989853
1758377261351,position,48.7133448,2.199011
1758377267259,position,48.7134363,2.1990376
1758377273029,position,48.7135176,2.1991036
1758377278232,position,48.7135806,2.199206
1758377287282,position,48.713677,2.1992263
1758377295245,position,48.7137667,2.1992818
1758377325304,position,48.7136893,2.1991879
1758377336239,position,48.7136859,2.1990517
1758377344365,position,48.7137809,2.1990052
1758377351269,position,48.7138713,2.1989824
1758377361293,position,48.7139699,2.1989778
1758377374276,position,48.7140607,2.1989966
1758377433315,position,48.7141374,2.1990834
1758377448775,position,48.7141592,2.1991199
1758377450667,position,48.7141894,2.1991748
1758377456117,position,48.7141825,2.1991596
1758377457107,position,48.7144631,2.1992013
1758377462104,position,48.7145905,2.1991329
1758377475267,position,48.7146754,2.1990331
1758377479967,position,48.7147148,2.1988601
1758377482358,see
1758377484829,position,48.7147691,2.198612
1758377492823,position,48.7147499,2.1987609
1758377497453,position,48.7146976,2.198948
1758377502183,position,48.7146344,2.1990994
1758377506890,position,48.7144379,2.1992592
1758377511653,position,48.7142383,2.1991949
1758377516310,position,48.7140502,2.1991053
1758377521321,position,48.7138731,2.1990555
1758377525934,position,48.7137414,2.1990514
1758377537357,position,48.7136492,2.1990843
1758377544356,position,48.7136435,2.1992259
1758377550279,position,48.713736,2.1992796
1758377559306,position,48.7138242,2.199334
1758377566087,position,48.7139182,2.1993228
1758377574243,position,48.7140107,2.1993433
1758377592260,position,48.7140719,2.1994446
1758377609273,position,48.7139826,2.1994683
1758377629270,position,48.7140379,2.1995805
1758377637270,position,48.7140238,2.1997369
1758377650280,position,48.7139747,2.1998601
1758377652380,seen
1758377656243,position,48.7139287,2.1999786
1758377692048,position,48.7139147,2.1999588
1758377694203,position,48.713897,2.1999193
1758377697423,position,48.7138974,2.1998117
1758377702393,position,48.7137893,2.1997298
1758377723245,position,48.7138364,2.1998792
1758377729585,position,48.7137482,2.1999299
1758377736231,position,48.7136544,2.1999383
1758377747355,position,48.713573,2.1998545
1758377756284,position,48.7136705,2.1998772
1758377764359,position,48.7137476,2.1999491
1758377773264,position,48.7138384,2.2000065
1758377807401,position,48.7138417,2.1998674
1758377819311,position,48.7138126,2.1997358
1758377845409,position,48.7138731,2.1998408
1758377899231,position,48.7139075,2.1999706
1758377921776,position,48.7139107,2.1999709
1758377924177,position,48.7138051,2.1993756
1758377926977,position,48.7138926,2.1995772
1758377932188,position,48.7139004,2.1998236
1758377985315,position,48.7139031,2.1999622
1758378057461,position,48.7139481,2.1999765
1758378059710,position,48.7138221,2.1992435
1758378064843,position,48.7138288,2.1998311
1758378070228,position,48.7137619,2.2000705
1758378074786,position,48.7136281,2.2000293
1758378080276,position,48.7135085,2.200041
1758378082359,see
1758378091216,position,48.7135861,2.199961
1758378095916,position,48.7137781,2.1999949
1758378101126,position,48.7139633,2.1998752
1758378105986,position,48.7140153,2.1996185
1758378110806,position,48.7139196,2.199431
1758378115356,position,48.7137506,2.1992993
1758378119936,position,48.7136175,2.1991598
1758378124716,position,48.7136227,2.1990124
1758378132380,position,48.7135923,2.1988845
1758378143809,position,48.7135838,2.1987451
1758378148249,position,48.7135984,2.1985385
1758378153229,position,48.7136275,2.1982492
1758378158226,position,48.713704,2.1980048
1758378181355,position,48.7137954,2.1979573
1758378186303,position,48.7138978,2.1979345
1758378190756,position,48.7140643,2.1980377
1758378196106,position,48.7141582,2.1981479
1758378204313,position,48.7142642,2.1981128
1758378209446,position,48.7143543,2.1980667
1758378222706,position,48.7142712,2.1981371
1758378227286,position,48.7141511,2.1981116
1758378233426,position,48.7140652,2.1980441
1758378238076,position,48.7139485,2.197947
1758378242706,position,48.7138105,2.198006
1758378247266,position,48.7137116,2.1980622
1758378253256,position,48.713696,2.198205
1758378273130,seen
1758378340266,position,48.7137751,2.1980978
1758378371306,position,48.7137445,2.1982275
1758378378266,position,48.713708,2.1983697
1758378385306,position,48.7136804,2.1985015
1758378405436,position,48.713666,2.1986004
1758378406736,position,48.7138665,2.1981493
1758378411846,position,48.7136451,2.1986351
1758378416806,position,48.713667,2.1988057
1758378427276,position,48.7136382,2.1989349
1758378444033,position,48.7136717,2.1990827
1758378449263,position,48.713785,2.1991176
1758378454080,position,48.7138761,2.1990613
1758378462451,position,48.7139656,2.1990427
1758378471366,position,48.7139945,2.1989058
