1758372385638,position,48.7158472,2.2165943
1758372392177,position,48.7158476,2.2165267
1758372392202,position,48.7159054,2.2165353
1758372402169,position,48.7158543,2.2165352
1758372402196,position,48.7158453,2.2165545
1758372407189,position,48.7158572,2.2165629
1758372412209,position,48.7158345,2.2166004
1758372417211,position,48.7158286,2.2165992
1758372422188,position,48.7158025,2.2165945
1758372427189,position,48.7157925,2.2165711
1758372437170,position,48.7157548,2.2165852
1758372437197,position,48.715734,2.216627
1758372442226,position,48.7157226,2.2166908
1758372474264,position,48.7156964,2.2167492
1758372481550,see
1758372481752,see
1758372482211,position,48.7154615,2.2165007
1758372482238,position,48.7154615,2.2165007
1758372482930,see
1758372485511,see
1758372486341,see
1758372492350,position,48.7154715,2.2165023
1758372492378,position,48.7154933,2.2164369
1758372501982,position,48.7154526,2.2163144
1758372574757,position,48.7153486,2.2162764
1758372576911,position,48.7142681,2.2146161
1758372579111,see
1758372582209,position,48.7141999,2.2144963
1758372589061,position,48.7141781,2.2143594
1758372590719,see
1758372604009,position,48.7141568,2.2142128
1758372914335,position,48.7141496,2.2140749
1758372920264,position,48.7142425,2.2085405
1758372926045,position,48.7142675,2.2083967
1758372931396,position,48.7142817,2.2082613
1758372938308,see
1758372955453,position,48.7143526,2.2081021
1758372959926,position,48.7143914,2.2079473
1758372967023,position,48.7144159,2.2078028
1758372970431,seen
1758373000705,position,48.7143961,2.2076687
1758373003174,position,48.7143419,2.2069382
1758373011712,position,48.7142668,2.2068422
1758373018214,position,48.7142019,2.2067444
1758373045434,position,48.7141667,2.2066084
1758373048186,see
1758373049474,see
1758373050674,see
1758373054602,position,48.7140907,2.2062464
1758373062931,position,48.7141153,2.2061027
1758373103954,position,48.7141445,2.2059548
1758373104126,position,48.7142409,2.2051544
1758373104377,see
1758373105367,see
1758373112086,position,48.714271,2.2050223
1758373116988,position,48.714232,2.2048248
1758373146212,position,48.7141732,2.2046739
1758373147544,see
1758373148354,see
1758373151224,position,48.7140972,2.2040421
1758373157564,position,48.7141334,2.2038753
1758373166184,position,48.7141824,2.203713
1758373175664,position,48.7141864,2.2035042
1758373181184,position,48.7141589,2.2033375
1758373186944,position,48.7141328,2.2032043
1758373242990,position,48.7141446,2.2030664
1758373244191,see
1758373258987,position,48.7141855,2.2024951
1758373328656,position,48.7141355,2.2026164
1758373329076,position,48.7140324,2.2046335
1758373336236,position,48.714037,2.2047436
1758373338065,position,48.7140375,2.2047745
1758373346206,position,48.7140363,2.2049191
1758373479773,position,48.7140444,2.2050568
1758373498883,position,48.7142873,2.2072102
1758373511143,position,48.7142501,2.2073393
1758373518253,position,48.7141941,2.2074458
1758373524735,position,48.7141745,2.2075846
1758373570432,seen
1758373653050,position,48.7141952,2.2077289
1758373654002,see
1758373668731,position,48.7142845,2.2098752
1758373726014,position,48.7142104,2.2103139
1758373731193,position,48.713987,2.2119542
1758373741171,position,48.7140576,2.2120437
1758373745999,position,48.7141487,2.2120461
1758373868295,position,48.7142373,2.212094
1758373869059,position,48.7153262,2.2128009
1758373872519,see
1758373876216,position,48.7153376,2.2127857
1758373876244,position,48.7153376,2.2127857
1758373889016,position,48.7153917,2.2126979
1758373959410,position,48.7154507,2.2125869
1758373960749,see
1758373961200,position,48.7157661,2.2118746
1758373966270,position,48.7157631,2.2118813
1758373986170,position,48.715737,2.2119207
1758373986197,position,48.715733,2.2119271
1758373995080,position,48.715715,2.2120384
1758374170433,seen
1758374314871,position,48.7157158,2.212181
1758374339208,position,48.7157015,2.2071108
1758374340647,see
1758374341157,position,48.7157545,2.2068416
1758374351195,position,48.7157581,2.2067043
1758374360837,position,48.7157751,2.2065426
1758374369287,position,48.7157055,2.2064343
1758374504486,position,48.715678,2.2062983
1758374506186,position,48.7142507,2.2058119
1758374522269,see
1758374531176,position,48.7142405,2.2058935
1758374541179,position,48.7142076,2.2059269
1758374541956,position,48.7142025,2.2059328
1758374579164,position,48.7142072,2.2059606
1758374646504,position,48.7141142,2.2060054
1758374654945,see
1758374656179,position,48.7141219,2.2060124
1758374656208,position,48.7141242,2.2060281
1758374681723,position,48.7140927,2.2060472
1758374691213,position,48.7140717,2.206059
1758374691238,position,48.7140618,2.2060648
1758374770434,seen
1758374770588,position,48.7140225,2.2060455
1758374776196,position,48.7140918,2.2061653
1758374786167,position,48.7140877,2.2061628
1758374786193,position,48.7140738,2.2061259
1758374796906,position,48.7140459,2.2062892
1758374821994,position,48.7140317,2.2064247
1758374823647,position,48.7140131,2.2066946
1758374859959,position,48.7140808,2.2067863
1758374866227,position,48.7141836,2.2068222
1758374891505,position,48.7142575,2.2069029
1758374901149,position,48.7142812,2.2069026
1758374901175,position,48.7142812,2.2069026
1758374909197,position,48.7142482,2.2070418
1758374914057,position,48.7140861,2.2065824
1758375000577,position,48.714084,2.2062539
1758375006180,position,48.7148111,2.2059939
1758375006903,seen
1758375008516,see
1758375011327,see
1758375011729,see
1758375012592,seen
1758375016198,position,48.7148426,2.2059963
1758375025367,position,48.7149304,2.2059567
1758375200782,position,48.7150237,2.2059912
1758375211164,position,48.7150486,2.2060425
1758375221162,position,48.7150436,2.2060508
1758375221187,position,48.7150285,2.2060479
1758375231204,position,48.7150347,2.206029
1758375247464,position,48.7150275,2.2060255
1758375256236,position,48.7150161,2.2060853
1758375266179,position,48.7150063,2.2060615
1758375266182,captured,588238
