1771768835141,position,48.710762,2.2084115
1771768844306,position,48.710982,2.2084252
1771768853421,position,48.711249,2.2084067
1771768862641,position,48.7114014,2.2085743
1771768871826,position,48.7115152,2.2090126
1771768881136,position,48.7114721,2.2094244
1771768890367,position,48.711559,2.2098431
1771768899756,position,48.7114235,2.2102489
1771768908796,position,48.7115225,2.2106833
1771768917891,position,48.7116159,2.2110667
1771768926256,seen
1771768927090,position,48.711833,2.2111956
1771768936052,position,48.7118784,2.2116131
1771768945119,position,48.7118437,2.2119442
1771768954270,position,48.7118395,2.2123543
1771768963372,position,48.711783,2.2128509
1771768972626,position,48.7118389,2.2131327
1771768982147,position,48.7119282,2.2133132
1771768991145,position,48.7120307,2.213378
1771769000287,position,48.7121658,2.2134423
1771769012157,position,48.7122216,2.213771
1771769021177,position,48.7122023,2.2139679
1771769030207,position,48.7122221,2.2140671
1771769039555,position,48.7121382,2.2143962
1771769048848,position,48.7121335,2.2148567
1771769058234,position,48.7121098,2.2152252
1771769067294,position,48.7121459,2.2156113
1771769078078,position,48.7121991,2.2158572
1771769088157,position,48.7123599,2.2158796
1771769097174,position,48.712539,2.2158855
1771769106184,position,48.7126279,2.2159465
1771769115158,position,48.7126649,2.2160349
1771769127157,position,48.7126421,2.2160288
1771769136155,position,48.712651,2.2160318
1771769145145,position,48.7126613,2.2160353
1771769154148,position,48.7126629,2.216038
1771769166164,position,48.7127019,2.2160293
1771769175177,position,48.7126265,2.2158954
1771769184397,position,48.7122827,2.2159565
1771769193914,position,48.7121504,2.2163187
1771769203274,position,48.7121266,2.2167889
1771769212254,position,48.712021,2.217202
1771769215793,seen
1771769221315,position,48.7119905,2.2173499
1771769230309,position,48.7119398,2.2175776
1771769241194,position,48.7113533,2.2177665
1771769250229,position,48.7113178,2.2183095
1771769259175,position,48.7114198,2.2187726
1771769268111,position,48.7113825,2.2187485
1771769277146,position,48.7113787,2.2187413
1771769286121,position,48.7113662,2.2187466
1771769295171,position,48.7113641,2.2187372
1771769304156,position,48.7113623,2.2187358
1771769313141,position,48.711363,2.2187358
1771769322151,position,48.7113563,2.218746
1771769331146,position,48.7113634,2.2187502
1771769340166,position,48.7113634,2.2187501
1771769349176,position,48.7113633,2.21875
1771769358166,position,48.7113633,2.21875
1771769363511,capture,540064
1771769367146,position,48.7113633,2.21875
1771769376151,position,48.7113731,2.2187183
1771769422631,see
1771769745112,seen
1771769888703,seen
1771769986106,see
1771769988271,see
1771769989586,see
1771769989946,see
1771769991976,see
1771770181796,position,48.7113385,2.2069801
1771770190786,position,48.7114879,2.2070915
1771770200026,position,48.7114327,2.2073547
1771770211786,position,48.7114627,2.2073974
1771770213361,position,48.7115524,2.2075558
1771770223192,position,48.7114995,2.2077323
1771770232136,position,48.7115203,2.20763
1771770242137,position,48.7115053,2.2076483
1771770246596,seen
1771770252191,position,48.7115075,2.2075555
1771770269514,position,48.7114988,2.2075542
1771770271067,position,48.7114211,2.2078049
1771770280137,position,48.7114789,2.207513
1771770289183,position,48.7114934,2.207537
1771770298161,position,48.7114832,2.2075132
1771770307183,position,48.7114854,2.2075006
1771770316136,position,48.7114823,2.2074893
1771770325183,position,48.7114847,2.2074716
1771770334146,position,48.7114943,2.2073189
1771770343141,position,48.7114723,2.2071138
1771770352141,position,48.7115314,2.2070727
1771770358016,see
1771770361156,position,48.7116521,2.2070256
1771770370194,position,48.7118986,2.2070394
1771770379163,position,48.7121439,2.2070575
1771770388121,position,48.7122611,2.2070579
1771770397141,position,48.7123833,2.2070735
1771770408151,position,48.7125223,2.2070691
1771770417681,position,48.7127117,2.207084
1771770426856,position,48.7128737,2.2070924
1771770438196,position,48.7134463,2.2068829
1771770448171,position,48.7138426,2.2064467
1771770457156,position,48.714034,2.2059518
1771770466141,position,48.7141237,2.2053991
1771770475180,position,48.7141621,2.2048219
1771770484208,position,48.7142283,2.2042434
1771770493173,position,48.714285,2.2037614
1771770503173,position,48.7142981,2.2032129
1771770513153,position,48.7142533,2.2026402
1771770522156,position,48.7140687,2.2024187
1771770531167,position,48.7138925,2.2024712
1771770539924,capture,201081
1771770543186,position,48.7139506,2.2024886
1771770552166,position,48.7139705,2.2023292
1771770561146,position,48.7139596,2.2023195
1771770570176,position,48.7139504,2.2022955
1771770579166,position,48.7139496,2.202296
1771770588136,position,48.7139499,2.2023148
1771770597544,position,48.7139498,2.2023095
1771770599177,position,48.7139278,2.2023374
1771770610625,position,48.7140257,2.2023668
1771770619636,position,48.7141417,2.2024331
1771770629144,position,48.7142435,2.2025057
1771770841748,seen
1771770958019,see
1771771027081,position,48.7170772,2.2041789
1771771036147,position,48.7169305,2.2042441
1771771045151,position,48.7168298,2.2041889
1771771054151,position,48.7167362,2.2040701
1771771063131,position,48.7166115,2.2040647
1771771072151,position,48.7164834,2.2040851
1771771081146,position,48.716346,2.2041085
1771771090141,position,48.7162092,2.2041724
1771771100448,position,48.7161207,2.2042987
1771771110135,position,48.7161098,2.2044941
1771771119285,position,48.7160791,2.2047334
1771771129166,position,48.7160342,2.2049654
1771771139675,position,48.7160138,2.2052022
1771771149153,position,48.7160183,2.2054075
1771771158284,position,48.7160206,2.2056502
1771771167785,position,48.7160164,2.2058493
1771771177155,position,48.7159852,2.2060419
1771771186175,position,48.7159133,2.2062318
1771771188480,seen
1771771195143,position,48.7158507,2.2063459
1771771204193,position,48.7157431,2.2064521
1771771216145,position,48.7157241,2.2064368
1771771225165,position,48.7156627,2.2064811
1771771234163,position,48.715592,2.2064956
1771771243162,position,48.7155339,2.2065422
1771771252145,position,48.7154787,2.2066262
1771771261176,position,48.715443,2.2067547
1771771270415,position,48.715469,2.2069731
1771771280137,position,48.7154126,2.2071141
1771771289585,position,48.7154595,2.2072944
1771771298954,position,48.7154083,2.2074757
1771771309155,position,48.7153122,2.2076202
1771771318175,position,48.7152473,2.2077798
1771771327555,position,48.7152216,2.207972
1771771337230,position,48.7151301,2.2081342
1771771347865,position,48.715126,2.2083149
1771771357222,position,48.7151142,2.2084897
1771771367513,position,48.7150162,2.2085118
1771771377305,position,48.7148808,2.2085879
1771771386465,position,48.714775,2.2085873
1771771396171,position,48.714761,2.2085963
1771771405135,position,48.7148565,2.2085886
1771771415025,position,48.7149766,2.2085392
1771771424396,position,48.7150649,2.2085511
1771771433151,position,48.7151351,2.2084554
1771771442131,position,48.7151666,2.2083055
1771771451796,position,48.7151345,2.2081096
1771771460791,position,48.7151218,2.2080818
1771771469761,position,48.7151698,2.2080734
1771771479001,position,48.7152548,2.2079822
1771771488876,position,48.7152851,2.207808
1771771497457,position,48.7153073,2.2076193
1771771506816,position,48.7151141,2.2076365
1771771516266,position,48.7149689,2.2076665
1771771526031,position,48.7148422,2.2077571
1771771535151,position,48.7147672,2.2077976
1771771544157,position,48.7147584,2.2077325
1771771553241,position,48.7146173,2.2079224
1771771558023,see
1771771562201,position,48.714444,2.2080787
1771771573141,position,48.714302,2.208103
1771771583131,position,48.7142966,2.2080808
1771771594016,position,48.7142957,2.2081087
1771771603176,position,48.7142938,2.2081116
1771771614211,position,48.7142818,2.2079848
1771771623181,position,48.714319,2.2078163
1771771632196,position,48.7143297,2.2075858
1771771641161,position,48.7143088,2.2073823
1771771645605,seen
1771771650176,position,48.7143394,2.2071927
1771771659161,position,48.714282,2.2070231
1771771668177,position,48.7141691,2.2069641
1771771677706,position,48.7140287,2.2069525
1771771687286,position,48.7139043,2.2070089
1771771698171,position,48.7137464,2.2070581
1771771708026,position,48.713629,2.2070132
1771771719141,position,48.7134481,2.2069917
1771771728136,position,48.7133218,2.2069782
1771771737181,position,48.7131808,2.2068463
1771771746606,position,48.7130446,2.2065708
1771771757211,position,48.7128856,2.2061926
1771771766256,position,48.7129193,2.206036
1771771776176,position,48.7129968,2.2055095
1771771785186,position,48.7130015,2.2051438
1771771794157,position,48.7130355,2.2048159
1771771803176,position,48.7129901,2.2045561
1771771812521,position,48.7128189,2.2044764
1771771822861,position,48.7126636,2.2043501
1771771832341,position,48.7124934,2.2043869
1771771841726,position,48.7123577,2.2043264
1771771851151,position,48.7121513,2.2041312
1771771860121,position,48.7120864,2.2037309
1771771869886,position,48.7121355,2.2032703
1771771879026,position,48.7121454,2.202865
1771771888061,position,48.7122057,2.2025382
1771771897156,position,48.7121758,2.2020185
1771771906611,position,48.7123279,2.201593
1771771917136,position,48.7129365,2.2019575
1771771926196,position,48.7132204,2.2018226
1771771935141,position,48.7133834,2.2010673
1771771944136,position,48.7134416,2.2006107
1771771956216,position,48.7139414,2.2003849
1771771965166,position,48.7144308,2.2004085
1771771974181,position,48.7146611,2.1999821
1771771977618,seen
1771771983166,position,48.7147227,2.1995919
1771771992136,position,48.7147196,2.199533
1771772001161,position,48.7147223,2.1995405
1771772003986,captured,056031
