1771768840146,position,48.7138323,2.1957294
1771768849146,position,48.7138317,2.19573
1771768861131,position,48.7137932,2.1956785
1771768872486,position,48.7135877,2.1956265
1771768881706,position,48.713316,2.1955198
1771768891142,position,48.7130478,2.1955694
1771768900151,position,48.7129283,2.1954847
1771768909141,position,48.7127374,2.1954189
1771768918147,position,48.7125777,2.1953966
1771768927156,position,48.7123588,2.1953238
1771768936106,position,48.7121092,2.1952261
1771768945266,position,48.7118974,2.1952365
1771768954386,position,48.7116391,2.1951638
1771768966127,position,48.7114219,2.1950743
1771768975121,position,48.7113476,2.1951156
1771768984121,position,48.7113313,2.1952893
1771768993131,position,48.7113348,2.1955015
1771768998901,see
1771769002131,position,48.7112851,2.1960995
1771769011341,position,48.7113443,2.1956912
1771769020686,position,48.7113314,2.1953098
1771769030186,position,48.7112529,2.1952338
1771769039896,position,48.7111242,2.1951417
1771769049036,position,48.7110555,2.1949867
1771769058291,position,48.7110737,2.194735
1771769067576,position,48.7110147,2.1944067
1771769076806,position,48.7110983,2.1940765
1771769086155,position,48.7111787,2.1940344
1771769095162,position,48.7111689,2.1940493
1771769107138,position,48.7111567,2.1940677
1771769116131,position,48.7111335,2.1940055
1771769125336,position,48.711125,2.193995
1771769134131,position,48.711125,2.193995
1771769143121,position,48.711125,2.193995
1771769155141,position,48.7112001,2.1940488
1771769162389,seen
1771769164136,position,48.711214,2.1940087
1771769165364,seen
1771769170986,seen
1771769173141,position,48.7111741,2.1940458
1771769182141,position,48.7111683,2.194075
1771769183720,seen
1771769191131,position,48.7111683,2.194075
1771769200131,position,48.7111683,2.194075
1771769209151,position,48.7111535,2.1940604
1771769218141,position,48.7111148,2.1940426
1771769227146,position,48.7111117,2.1940483
1771769236141,position,48.7111117,2.1940483
1771769248126,position,48.7111117,2.1940483
1771769257147,position,48.7111117,2.1940483
1771769266136,position,48.7111599,2.1940885
1771769275146,position,48.711155,2.194085
1771769284146,position,48.711155,2.194085
1771769293146,position,48.7110612,2.1940068
1771769302431,position,48.7109854,2.19395
1771769314136,position,48.7108734,2.1938836
1771769323141,position,48.7107737,2.1938634
1771769332136,position,48.7106585,2.1937971
1771769341146,position,48.7105501,2.1936718
1771769350146,position,48.7104824,2.1937389
1771769352373,seen
1771769362146,position,48.7102835,2.1937862
1771769371131,position,48.7101212,2.1937124
1771769380131,position,48.7099841,2.1936446
1771769389166,position,48.7098633,2.1935859
1771769398151,position,48.7097668,2.1937189
1771769407750,position,48.7096634,2.1939434
1771769417640,position,48.7096172,2.1942325
1771769422631,seen
1771769428175,position,48.7095504,2.1945135
1771769437148,position,48.709496,2.1947763
1771769446144,position,48.709351,2.1952261
1771769455144,position,48.7092997,2.1955627
1771769464129,position,48.7092622,2.1958929
1771769473147,position,48.7092341,2.1961233
1771769482169,position,48.7091755,2.1963933
1771769491108,position,48.7091185,2.1967208
1771769500598,position,48.7090763,2.1972122
1771769510198,position,48.709087,2.1976889
1771769519375,position,48.7091766,2.1980549
1771769528650,position,48.7092894,2.1981361
1771769537858,position,48.7095551,2.1979626
1771769546977,position,48.7098952,2.1977403
1771769557222,position,48.7102344,2.1976264
1771769564190,see
1771769566149,position,48.7103064,2.1975108
1771769575143,position,48.7102805,2.197479
1771769587132,position,48.7103688,2.1977023
1771769596215,position,48.7104472,2.1977712
1771769605923,position,48.7105155,2.1978467
1771769615168,position,48.7104908,2.1979937
1771769625162,position,48.7104543,2.198149
1771769634503,position,48.7104345,2.1982735
1771769644139,position,48.7104067,2.1983891
1771769653152,position,48.7104066,2.198412
1771769663108,position,48.7103958,2.1984238
1771769672524,position,48.710344,2.1985412
1771769683166,position,48.7103106,2.1986382
1771769692142,position,48.7102924,2.1986454
1771769701142,position,48.7102888,2.1986561
1771769710152,position,48.7103269,2.1987877
1771769719741,position,48.7103708,2.1989217
1771769731172,position,48.7103799,2.1990379
1771769740122,position,48.7103463,2.1991006
1771769752152,position,48.7103622,2.1991536
1771769761141,position,48.7103255,2.1992384
1771769770136,position,48.7103299,2.1993319
1771769779148,position,48.7103726,2.1993385
1771769788162,position,48.7104255,2.1993772
1771769797141,position,48.7104618,2.199418
1771769806121,position,48.710465,2.19942
1771769815121,position,48.7104911,2.1995133
1771769824146,position,48.7105105,2.1996442
1771769835997,position,48.710531,2.1997042
1771769845147,position,48.7105206,2.1997068
1771769854147,position,48.7105631,2.1998042
1771769864301,position,48.7105613,2.1999074
1771769875151,position,48.7105617,2.1999151
1771769884136,position,48.7105783,2.1999767
1771769893156,position,48.7107717,2.2001033
1771769902146,position,48.7110213,2.2002371
1771769911131,position,48.7110674,2.200386
1771769920186,position,48.7108816,2.2005306
1771769929151,position,48.7110157,2.2009051
1771769938103,position,48.7111826,2.2013042
1771769947161,position,48.7113562,2.2014642
1771769959141,position,48.7116273,2.2017304
1771769968101,position,48.71152,2.2017438
1771769977326,position,48.7112147,2.202041
1771769977581,see
1771769986106,seen
1771769986476,position,48.7113102,2.2018737
1771769988271,seen
1771769989586,seen
1771769989946,seen
1771769991976,seen
1771769995741,position,48.711432,2.2015563
1771770005076,position,48.7117713,2.2016171
1771770016141,position,48.7120539,2.2016757
1771770025176,position,48.7121861,2.2017584
1771770034716,position,48.7123867,2.2016774
1771770044086,position,48.7126737,2.2016874
1771770053096,position,48.7129719,2.2018371
1771770062152,position,48.71309,2.2019731
1771770068991,see
1771770072406,position,48.713126,2.2020159
1771770082161,position,48.7131073,2.2020246
1771770091131,position,48.7130357,2.2020605
1771770100146,position,48.7129124,2.2022109
1771770109151,position,48.7128199,2.2023375
1771770121176,position,48.7127209,2.2026035
1771770133151,position,48.7126006,2.2028221
1771770142571,position,48.7125056,2.2029504
1771770154146,position,48.7124124,2.2031931
1771770163206,position,48.7123331,2.2033496
1771770174491,position,48.712273,2.2035372
1771770184136,position,48.7121642,2.203757
1771770193576,position,48.7120856,2.203848
1771770205241,position,48.7120732,2.2040563
1771770207376,see
1771770214167,position,48.7120456,2.2041144
1771770223171,position,48.7120435,2.204293
1771770232126,position,48.7122204,2.2043859
1771770242442,position,48.7123711,2.2043724
1771770253151,position,48.7125731,2.2043882
1771770262166,position,48.7127007,2.2044437
1771770271131,position,48.7128324,2.2044599
1771770280156,position,48.7128756,2.2044968
1771770289141,position,48.7128991,2.2045514
1771770298141,position,48.7128939,2.2046746
1771770307146,position,48.7128967,2.2046801
1771770316141,position,48.7128967,2.20468
1771770325162,position,48.7128967,2.20468
1771770337136,position,48.7128818,2.204738
1771770346137,position,48.7128795,2.2048112
1771770355146,position,48.7129078,2.2049952
1771770358016,seen
1771770364136,position,48.7129312,2.2051794
1771770376141,position,48.7129081,2.2054537
1771770385131,position,48.7128553,2.2058177
1771770394136,position,48.7129774,2.2062622
1771770403176,position,48.7132513,2.2062928
1771770412336,position,48.7134926,2.2064523
1771770421676,position,48.7137746,2.2064843
1771770430937,position,48.7136475,2.2065772
1771770442147,position,48.7139872,2.2060012
1771770454151,position,48.7140384,2.2052032
1771770463161,position,48.7140365,2.2046948
1771770472231,position,48.714113,2.2041183
1771770481431,position,48.7141289,2.2036075
1771770490621,position,48.7142013,2.2030658
1771770499941,position,48.7142136,2.2025311
1771770509661,position,48.7139766,2.2024548
1771770520156,position,48.7139505,2.20243
1771770529186,position,48.7139625,2.2024118
1771770538146,position,48.7139646,2.2024329
1771770539924,captured,105657
