1771768841875,position,48.7166278,2.2082778
1771768851305,position,48.7167154,2.2077908
1771768860665,position,48.716768,2.2075217
1771768870065,position,48.7167567,2.2072308
1771768872818,seen
1771768879105,position,48.7167308,2.2070212
1771768889175,position,48.7167449,2.2067988
1771768898185,position,48.7167552,2.2065806
1771768907283,position,48.7168211,2.2063459
1771768916346,position,48.7167687,2.2058113
1771768925715,position,48.7167758,2.2054112
1771768934912,position,48.7167887,2.2049833
1771768944074,position,48.716808,2.2046194
1771768953236,position,48.7167451,2.2042987
1771768962265,position,48.7166364,2.2040943
1771768971410,position,48.7164228,2.2040723
1771768980442,position,48.7161895,2.2042106
1771768989645,position,48.7161551,2.2045704
1771768999012,position,48.7162218,2.2049829
1771769008495,position,48.7162747,2.2053922
1771769018156,position,48.7163122,2.2058232
1771769027175,position,48.7163591,2.2062227
1771769036215,position,48.7163754,2.2065095
1771769045607,position,48.7163609,2.20671
1771769054745,position,48.7163702,2.2068731
1771769063835,position,48.7163399,2.2070554
1771769073065,position,48.7163605,2.2072544
1771769082105,position,48.7163483,2.2074629
1771769091866,position,48.7163347,2.2076781
1771769101035,position,48.7163512,2.2078929
1771769111185,position,48.7163512,2.2081405
1771769120385,position,48.7163358,2.2083488
1771769129695,position,48.7163461,2.2085498
1771769139675,position,48.7162875,2.2087333
1771769149575,position,48.7161907,2.2089292
1771769158655,position,48.7160507,2.2089979
1771769168193,position,48.7159056,2.2090599
1771769177175,position,48.7157652,2.20911
1771769186185,position,48.7156262,2.2091771
1771769198185,position,48.7155885,2.2093286
1771769207865,position,48.7155814,2.2092895
1771769217082,position,48.7154681,2.2093855
1771769226135,position,48.7151874,2.2092812
1771769235635,position,48.7149243,2.2094446
1771769246179,position,48.7148148,2.2096227
1771769254396,see
1771769258156,position,48.7148003,2.2097284
1771769267243,position,48.7147435,2.2096102
1771769276329,position,48.7146192,2.209452
1771769285189,position,48.7144696,2.2093336
1771769294326,position,48.7142975,2.2090946
1771769303339,position,48.7142898,2.208658
1771769312700,position,48.7142985,2.208307
1771769321869,position,48.7143278,2.2077176
1771769331082,position,48.7143002,2.2072681
1771769340215,position,48.7141053,2.2070136
1771769350299,position,48.7138671,2.206901
1771769359539,position,48.7137797,2.206737
1771769368636,position,48.7138914,2.2065179
1771769377827,position,48.7139523,2.2061953
1771769387048,position,48.7139723,2.2057953
1771769396149,position,48.7140244,2.205572
1771769405186,position,48.7140868,2.2049116
1771769414179,position,48.7141192,2.2045221
1771769423149,position,48.7141678,2.2041825
1771769432196,position,48.7141837,2.2038064
1771769441467,position,48.7141206,2.2033612
1771769453166,position,48.7141684,2.2029667
1771769462186,position,48.7141782,2.202731
1771769472819,seen
1771769474213,position,48.7142619,2.2024505
1771769483166,position,48.7142476,2.202283
1771769487904,see
1771769496936,position,48.7143042,2.2022656
1771769504236,position,48.7143847,2.2021191
1771769513306,position,48.7143862,2.2019467
1771769522506,position,48.7145945,2.2015732
1771769531474,position,48.714775,2.2011804
1771769540707,position,48.7148009,2.2007902
1771769549867,position,48.7148194,2.2003308
1771769559044,position,48.7148389,2.1999554
1771769568393,position,48.714757,2.1997045
1771769578804,position,48.7149319,2.1992411
1771769587904,position,48.7150463,2.1991522
1771769597146,position,48.7149765,2.1988473
1771769606153,position,48.7150086,2.1985425
1771769615146,position,48.7149814,2.198344
1771769627153,position,48.7150681,2.198207
1771769639156,position,48.7150768,2.198205
1771769639554,seen
1771769648146,position,48.7150489,2.198217
1771769657824,position,48.7150272,2.1982102
1771769669146,position,48.7150543,2.1981802
1771769678152,position,48.7150636,2.1981724
1771769690151,position,48.7150529,2.1981307
1771769696351,see
1771769699159,position,48.7150706,2.1981396
1771769708314,position,48.7150376,2.1982747
1771769720164,position,48.7150391,2.1982093
1771769729156,position,48.7151276,2.1981489
1771769738260,position,48.7151704,2.1981507
1771769750168,position,48.7153189,2.1982585
1771769759171,position,48.7155425,2.1982911
1771769768163,position,48.7158339,2.1983899
1771769777300,position,48.7161368,2.19845
1771769786786,position,48.7164212,2.1985537
1771769796042,position,48.716704,2.1985725
1771769805235,position,48.7170007,2.1986528
1771769814224,position,48.7172834,2.1987139
1771769823754,position,48.7175272,2.1988404
1771769832831,position,48.717771,2.1989396
1771769842054,position,48.7180739,2.1989894
1771769851352,position,48.7183221,2.1990661
1771769860524,position,48.7185218,2.1990765
1771769870154,position,48.7186447,2.1991408
1771769879151,position,48.7186463,2.1991209
1771769888172,position,48.7186423,2.1991938
1771769895673,seen
1771769897194,position,48.7186503,2.1994019
1771769909144,position,48.7186049,2.1996734
1771769918174,position,48.7185824,2.1996549
1771769927181,position,48.7184945,2.1997049
1771769936181,position,48.7184224,2.1999625
1771769945334,position,48.7184582,2.2003374
1771769954682,position,48.7184206,2.2007393
1771769963854,position,48.7183546,2.2012411
1771769973225,position,48.7182876,2.201631
1771769982905,position,48.7182623,2.2020867
1771769992106,position,48.7181901,2.2025712
1771770002212,position,48.7180809,2.2029273
1771770011203,position,48.7179316,2.2028957
1771770023254,position,48.7177204,2.2028423
1771770035189,position,48.7175532,2.2027892
1771770044309,position,48.7173964,2.2027733
1771770055618,position,48.7172804,2.2027249
1771770065076,position,48.7171163,2.2026245
1771770074211,position,48.7169665,2.2026152
1771770086161,position,48.7167846,2.2025525
1771770095208,position,48.7166488,2.2026624
1771770097857,seen
1771770104199,position,48.7165782,2.2028101
1771770116092,position,48.7164404,2.2028776
1771770125142,position,48.716285,2.20277
1771770134152,position,48.7161614,2.2027857
1771770144392,position,48.7160278,2.2027753
1771770155202,position,48.7158929,2.2027263
1771770167149,position,48.715729,2.2027111
1771770172677,seen
1771770178778,seen
1771770179152,position,48.7155542,2.2026799
1771770179468,seen
1771770190732,position,48.715382,2.2026425
1771770200149,position,48.7152381,2.2025724
1771770209172,position,48.7150211,2.2024559
1771770221199,position,48.7149102,2.2024617
1771770233159,position,48.7147499,2.2024875
1771770236952,see
1771770239657,seen
1771770239937,seen
1771770245212,position,48.7146394,2.2023839
1771770255142,position,48.7145552,2.2024602
1771770264472,position,48.7144538,2.2025829
1771770273862,position,48.7144143,2.202932
1771770283182,position,48.7144258,2.2033085
1771770292469,position,48.7143261,2.2037006
1771770301669,position,48.7142765,2.2041371
1771770310744,position,48.7142644,2.2045593
1771770319954,position,48.7141612,2.2050082
1771770329202,position,48.7142121,2.2055313
1771770338444,position,48.7140843,2.2060882
1771770348054,position,48.7141915,2.2067621
1771770357386,position,48.7142664,2.2072869
1771770366404,position,48.7142769,2.2077702
1771770375643,position,48.7143387,2.2082362
1771770384814,position,48.7142379,2.2082982
1771770395172,position,48.7142062,2.2083576
1771770404193,position,48.7141633,2.2084346
1771770416170,position,48.7140896,2.2082112
1771770427650,position,48.7140736,2.2082456
1771770437155,position,48.7140551,2.2082734
1771770446194,position,48.714056,2.2081827
1771770455246,position,48.7141177,2.2077309
1771770464703,position,48.7142455,2.207257
1771770474393,position,48.7142071,2.2067405
1771770485134,position,48.7140544,2.2062985
1771770494166,position,48.7140681,2.2062031
1771770505566,see
1771770506246,position,48.7140098,2.2060829
1771770515906,capture,320822
1771770515956,position,48.7139834,2.2059415
1771770527156,position,48.7139748,2.2059632
1771770537936,position,48.713957,2.2059718
1771770548173,position,48.7139449,2.2059982
1771770559936,position,48.7139073,2.2060047
1771770569146,position,48.7139266,2.2059793
1771770581156,position,48.7139314,2.2059506
1771770590154,position,48.7139371,2.2059883
1771770602126,position,48.7139409,2.2059756
1771770611136,position,48.7139571,2.2059814
1771770623146,position,48.7139569,2.2059885
1771770632136,position,48.7139567,2.2060013
1771770644147,position,48.7139506,2.206019
1771770655016,position,48.713955,2.2060215
1771770665147,position,48.7139487,2.2060112
1771770676943,position,48.7139674,2.2060083
1771770686134,position,48.7139704,2.2059873
1771770695156,position,48.7139613,2.2059058
1771770706296,position,48.7140016,2.2056978
1771770716166,position,48.7140411,2.2055191
1771770717826,see
1771770725206,position,48.7140566,2.2052205
1771770735036,position,48.7141022,2.2050375
1771770744235,position,48.7141225,2.2039702
1771770753522,position,48.7141488,2.2035677
1771770762712,position,48.7141558,2.2032616
1771770772410,position,48.7142545,2.2028024
1771770782075,position,48.7142826,2.202408
1771770791203,position,48.7142822,2.2020133
1771770800182,position,48.7143572,2.2015998
1771770809209,position,48.7144725,2.2013765
1771770818374,position,48.7144829,2.2007337
1771770828144,position,48.7145248,2.2004644
1771770839174,position,48.7146303,2.2002865
1771770839938,seen
1771770848164,position,48.7146748,2.2000001
1771770860211,position,48.7147611,2.1998005
1771770869464,position,48.7147182,2.1995601
1771770881204,position,48.7146935,2.1992626
1771770883609,seen
1771770884958,seen
1771770886987,seen
1771770887645,see
1771770893154,position,48.7146272,2.1992951
1771770902381,position,48.7145031,2.1992101
1771770911554,position,48.7141821,2.1991365
1771770920705,position,48.7139408,2.1990807
1771770929837,position,48.7136529,2.1989569
1771770938907,position,48.7133247,2.1990098
1771770948214,position,48.7131279,2.1989824
1771770959167,position,48.7129192,2.1991148
1771770968157,position,48.7127713,2.1989309
1771770980207,position,48.7125317,2.1987372
1771771060166,seen
1771771384500,see
1771771435836,seen
1771771865442,see
1771771879777,seen
1771771971591,seen
1771771972121,seen
1771771972931,seen
1771772352976,see
1771772435766,see
1771772435897,see
1771772436868,see
1771772437057,see
1771772437237,see
1771772439727,see
1771772439857,see
1771772465469,see
1771772465841,see
1771772465991,see
1771772482118,see
1771772482231,see
1771772482391,see
1771772482761,see
1771772482891,see
1771772483003,see
1771772496141,see
1771772530791,see
1771772558413,see
1771772572932,seen
1771772613013,see
1771772613611,see
1771772613803,see
1771772614083,see
1771772614293,see
1771772614453,see
1771772614553,see
1771772614793,see
1771772894682,see
1771772895014,see
1771772895294,see
1771772895424,see
1771772895574,see
1771772895724,see
1771772895974,see
1771772896154,see
1771773102565,see
1771773103247,see
1771773103517,see
1771773172936,seen
